Camera:
  name: MyCalibratedCamera
  setup: monocular
  model: perspective
  fx: 1541.7254312053292
  fy: 1531.265146951514
  cx: 995.4010083285002
  cy: 550.7105552674859
  k1: 0.23342355156470115
  k2: -1.5085970640371684
  p1: 0.0013121622635121914
  p2: 0.010698512673812074
  k3: 1.7517826190200787
  fps: 30.0
  cols: 1920
  rows: 1080
  color_order: RGB
